results_cpu1 = [  0.21109 0.469593 0.730698 0.983935  1.26215  1.51078  1.75731  2.03018  2.29051  2.56801  2.75227  3.06476  3.31417   3.6151  3.85131  4.10921  4.42052  4.63014  4.90189  5.11182];
results_cpu2 = [  0.20336 0.349275 0.560057 0.745726 0.916699  1.09664   1.2937  1.41762  1.67236  1.78411  2.02369  2.23427  2.38636   2.6122  2.68512  2.84018  3.08721  3.35738  3.49413   3.5284];
results_cpu3 = [  0.20223 0.319565  0.46299 0.602421 0.756891 0.926121  1.06455  1.26642    1.384  1.51056  1.69464  1.88075  2.03669  2.18944  2.39445  2.31952  2.64333  2.81001  2.93778  3.20132];
results_cpu4 = [ 0.202278 0.317552 0.447257 0.569058 0.707372 0.803829 0.933994   1.0347  1.18636  1.36288  1.44732   1.6233  1.72652  1.95248  2.16023  2.17133  2.21272  2.42149  2.61597  2.59701];
serial_results = [ 0.264532 0.528955 0.793864  1.05843  1.32271  1.58802  1.85188  2.11733  2.38059  2.64631  2.91062  3.17358  3.44224  3.70289  3.96932  4.23191  4.49507  4.76074  5.02656  5.29225];
