results_cpu1 = [ 0.011059 0.026441 0.035435 0.042702 0.054682 0.064184 0.074524 0.084954 0.095705 0.106641 0.116937 0.128141 0.137947 0.148922 0.159914 0.169094 0.182405 0.190147 0.201637  0.21172 0.221833 0.232878 0.243424 0.258231  0.26376 0.276567 0.285543 0.297743 0.232645 0.316531 0.328975 0.338723 0.266141 0.364469 0.281049 0.381948 0.401528 0.305959 0.414241 0.423068  0.44006  0.34339 0.457714 0.353402 0.258648 0.367793 0.497098 0.507606  0.51827 0.529855];
results_cpu2 = [ 0.010524 0.014334 0.032734 0.042119 0.027908  0.05026 0.036811  0.06313 0.047429 0.052393 0.063817  0.12682 0.105923 0.148668 0.079021 0.172329 0.094599 0.189582 0.107235 0.218641 0.166326 0.174052 0.182022 0.126795 0.270593 0.204392 0.142609 0.221797 0.153614  0.24318 0.326351 0.258749 0.179949 0.362644 0.276688 0.387259 0.195126 0.298997  0.41217 0.212707 0.447493 0.443177 0.343266  0.34658 0.479014 0.486461 0.247559 0.512991 0.269344 0.528768];
results_cpu3 = [ 0.010715 0.018621 0.021007 0.034395 0.053079 0.050357 0.031936 0.034507 0.038381 0.058046 0.050844 0.126941 0.083096 0.051621  0.15924 0.089896 0.179697 0.097767 0.103225 0.155744 0.175049  0.12113 0.251376 0.129477 0.195447 0.131941 0.074025  0.15273 0.156986 0.242937 0.326614 0.166923 0.348577 0.269209 0.187489 0.384753 0.298952  0.20635 0.113435  0.32654  0.11332 0.342657 0.230453 0.237405 0.359359 0.253943 0.252258 0.388743 0.265036 0.394025];
results_cpu4 = [ 0.007425 0.015832 0.018593 0.023746 0.036821 0.021255 0.023835 0.044844 0.081384 0.055547  0.08762 0.092375 0.037237 0.076812 0.045084 0.047695   0.0899 0.142076 0.155765 0.211297 0.114534 0.063468 0.124179 0.254247 0.136282  0.07399 0.290801 0.156433 0.154866 0.323809  0.08478 0.168949 0.093451 0.092536  0.19441 0.299169 0.390975 0.307243 0.211135 0.422216  0.22736 0.336228 0.351296 0.471618 0.126988 0.245255 0.137136 0.253078 0.260861 0.276314];
serial_results = [ 0.010542  0.02106 0.031505 0.042113  0.05272 0.063078 0.073529 0.084087 0.094484 0.104835 0.115735 0.126068 0.140474 0.147029 0.158237 0.168922 0.180046 0.189757 0.200564 0.212547 0.220973 0.231846  0.24298 0.252749 0.264614 0.273454 0.285362 0.294498 0.304895 0.317362 0.329955 0.336814 0.347182 0.360697 0.369016 0.380142 0.394724 0.400296 0.410089  0.42176 0.434786 0.443217  0.45616 0.470582 0.479505 0.486686 0.495642 0.512557 0.516586 0.534092];
